959 1
1 772
293 1
1 108
1 91
1 338
955 1
385 1
411 1
488 1
1 551
516 1
1 239
938 1
648 1
231 1
158 1
1 244
1 618
1 447
1 113
55 1
981 1
1 561
1 957
1 356
294 1
1 420
378 1
837 1
1 432
1 720
878 1
812 1
822 1
1 599
802 1
1 980
1 684
800 1
1 187
1 835
506 1
1 905
1 89
1 150
1 537
226 1
1 795
1 69
902 1
285 1
142 1
1 298
1 161
362 1
851 1
1 986
1 653
958 1
1 477
1 758
1 804
1 427
831 1
1 485
482 1
182 1
1 435
734 1
72 1
448 1
1 552
129 1
1 205
264 1
1 193
836 1
4 1
356 446
1 779
1 104
879 1
983 1
177 1
408 1
356 403
42 1
1 809
748 1
679 1
1 498
1 96
904 1
1 616
738 356
1 755
1 139
1 282
386 1
