1 434
1 886
1 930
527 1
348 1
704 1
1 844
1 703
1 885
680 1
61 148
1 394
1 102
390 1
150 1
309 1
813 1
656 1
129 1
1 888
609 1
1 851
814 1
611 1
598 1
1 393
1 134
893 1
1 206
1 958
1 591
1 850
1 91
234 1
493 1
826 1
471 1
1 948
1 346
410 1
120 1
236 1
603 1
1 695
1 367
428 1
563 1
526 1
586 1
1 843
1 462
825 1
90 1
181 1
198 1
835 1
560 1
960 1
96 1
1 670
823 1
321 1
1 623
1 891
1 485
1 849
148 1
225 1
1 359
1 669
763 1
466 1
501 1
380 1
542 1
724 1
1 811
155 1
681 1
156 1
1 158
1 799
297 1
942 1
1 473
988 1
1 499
1 389
1 103
752 1
1 113
1 784
352 1
806 1
865 1
59 1
1 877
959 1
475 1
272 1
