210 1
1 843
1 672
694 1
575 1
1 546
364 1
655 1
600 1
782 1
447 1
1 856
176 1
1 313
1 668
1 111
1 888
1 431
327 1
496 1
145 1
95 1
543 1
722 1
879 1
1 373
1 836
1 552
1 396
350 1
1 534
725 1
922 1
970 1
1 26
1 635
261 1
342 1
57 1
868 1
564 1
1 142
46 1
1 943
934 1
957 1
1 359
1 39
890 1
138 1
280 396
371 1
737 1
244 1
61 1
1 765
151 1
1 324
18 1
1000 1
708 1
845 1
500 1
717 1
1 790
1 15
1 179
1 565
101 1
1 381
1 926
819 1
1 445
742 1
458 1
554 1
1 43
886 1
231 1
1 617
1 809
1 985
1 511
1 435
1 358
120 1
970 992
1 107
220 1
160 1
1 803
106 1
336 1
539 1
1 675
748 1
1 291
629 1
1 887
1 855
