1 464
914 1
1 717
901 1
1 713
1 592
240 1
151 1
1 72
882 1
899 1
559 1
1 384
1 292
1 571
1 383
561 1
469 1
158 1
637 1
11 1
425 1
936 1
1 126
1 169
482 1
1 650
1 309
769 1
292 388
651 1
927 1
991 1
232 1
1 848
1 242
356 1
568 1
582 1
179 1
136 1
845 1
239 1
12 1
392 1
1 421
1 587
1 453
877 1
836 239
1 380
132 1
1 362
1 820
1 429
1 689
1 772
591 1
424 1
313 1
1 623
371 1
593 1
1 297
1 312
63 1
1 104
819 1
1 372
728 1
1 216
285 568
130 1
145 1
174 1
726 1
1 586
1 259
138 1
1 898
160 1
1 5
1 998
315 1
486 1
19 1
590 1
1 678
293 1
714 1
468 1
720 1
1 520
1 664
1 874
1 953
452 1
1 250
1 979
1 347
921 1
153 1
779 1
674 239
727 1
1 254
753 1
1 218
627 1
1 353
24 1
261 1
1 897
244 1
1 78
774 1
1 744
1 636
123 367
1 411
965 1
1 448
618 1
690 1
910 1
348 1
1 307
1 25
237 1
1 863
966 1
798 1
32 1
146 1
619 1
1 219
1 462
483 1
1 186
211 1
1 71
1 271
258 1
1 706
1 533
1 418
457 1
53 1
1 765
840 1
69 1
1 423
1 750
1 280
1 928
45 1
1 733
1 454
1 866
1 438
1 152
1 177
977 1
1 439
1 394
1 725
1 502
1 969
1 536
532 1
209 1
1 524
622 1
23 1
103 1
1 630
1 170
1 251
1 763
1 570
236 1
70 1
760 1
21 1
888 1
1 485
6 1
944 1
1 359
1 83
1 409
279 1
1 588
203 1
228 1
1 867
1 52
1 846
474 1
793 1
868 1
342 1
1 541
1 197
934 1
548 1
1 67
1 422
780 1
774 273
1 274
1 796
445 1
919 1
85 1
1 171
568 996
1 773
330 1
585 1
1 298
1 303
426 1
85 282
730 1
783 1
1 711
20 759
49 1
1 738
479 1
141 1
821 1
1 296
1 499
903 1
252 1
1 925
1 683
275 1
631 1
581 1
1 982
1 114
1 419
38 1
412 1
1 416
440 1
865 1
262 1
902 1
942 1
1 201
1 600
662 1
1 367
1 913
325 1
997 1
320 1
1 159
653 1
1 405
192 1
1 890
75 1
369 1
475 1
1 911
946 1
1 246
1 909
101 348
1 129
1 808
335 1
1 306
107 1
1 378
584 1
1 410
343 1
55 1
1 398
1 597
1 375
361 1
327 1
181 1
1 3
612 1
650 843
862 1
759 1
245 1
1 463
408 1
667 1
1 601
