18 1
474 717
1 963
263 1
1 72
1 237
1 613
585 1
1 729
1 597
1 921
1 312
879 1
1 542
337 1
1 983
1 712
1 96
1 385
546 1
1 994
63 1
612 1
985 1
688 1
808 1
290 1
279 1
598 1
1 630
73 1
1 637
1 673
1 714
1 851
86 1
261 1
1 32
1 149
1 487
461 1
1 238
1 146
292 1
943 1
1 284
1 447
1 784
35 1
170 1
152 1
1 80
69 1
348 1
547 1
1 266
1 763
503 1
280 1
976 1
105 1
1 468
1 456
1 21
1 229
1 813
1 692
720 1
1 864
1 220
1 608
1 334
876 1
1 874
866 1
1 883
1 814
870 1
1 628
777 1
219 1
791 1
1 561
956 1
455 1
912 1
728 1
521 1
1 391
38 1
928 1
1 231
785 376
1 690
734 1
1 922
1 992
121 1
1 890
911 1
1 650
1 816
1 780
1 500
832 1
687 1
255 1
1 359
1 218
4 1
739 1
651 1
1 748
1 226
1 300
368 1
855 1
1 705
967 1
1 755
1 502
386 1
733 1
1 742
1 771
923 1
601 1
668 1
1 204
1 352
604 1
1 767
577 1
135 1
8 1
616 1
1 965
320 1
530 1
453 1
1 667
431 1
1 584
276 1
830 1
1 914
1 190
1 446
1 327
1 295
1 907
694 1
357 1
1 676
98 1
979 1
1 139
293 1
689 1
213 1
115 1
1 376
1 478
636 1
807 1
1 254
428 1
273 1
87 1
322 1
648 1
642 1
878 1
1 79
724 1
841 1
1 351
298 1
1 92
615 1
304 1
1 209
1 803
926 1
1 657
1 265
1 913
1 904
960 1
1 378
901 1
1 822
1 233
514 1
1 820
1 836
1 722
1 490
1 895
1 207
124 1
1 670
458 1
126 1
20 463
892 1
929 1
333 1
797 1
256 1
1 372
1 136
1 39
1 986
137 1
489 1
399 1
970 1
1 488
1 410
700 895
1 873
691 1
315 1
1 241
732 1
411 1
682 1
165 1
59 1
125 1
1 550
1 436
1 563
1 918
25 1
1 335
404 1
1 889
76 1
913 406
710 1
1 184
847 1
1 934
1 916
474 1
181 1
1 957
652 1
441 1
971 1
1 118
61 1
324 1
1 757
674 823
1 555
1 886
1 104
761 1
330 1
974 1
940 1
339 1
840 1
1 567
1 99
1 130
1 117
286 1
20 1
740 1
644 1
1 548
1 639
90 1
1 405
882 1
834 922
594 1
1 828
621 1
541 1
1 472
565 1
766 1
19 1
1 401
1 819
972 757
1 200
881 1
1 558
823 1
1 356
1 150
1 863
1 715
1 527
